osu file format v14

[General]
AudioFilename: audio.mp3
AudioLeadIn: 0
PreviewTime: 4788
Countdown: 0
SampleSet: Normal
StackLeniency: 0.7
Mode: 3
LetterboxInBreaks: 0
SpecialStyle: 0
WidescreenStoryboard: 0

[Editor]
DistanceSpacing: 1.5
BeatDivisor: 16
GridSize: 32
TimelineZoom: 2.699999

[Metadata]
Title:take a closer look at that FOOL MOON
TitleUnicode:take a closer look at that FOOL MOON
Artist:jhlee0l33
ArtistUnicode:jhlee0l33
Creator:jhlee0l33
Version:the real jhlee
Source:
Tags:
BeatmapID:1255314
BeatmapSetID:593338

[Difficulty]
HPDrainRate:0
CircleSize:9
OverallDifficulty:0
ApproachRate:5
SliderMultiplier:1.4
SliderTickRate:1

[Events]
//Background and Video events
0,0,"a.png",0,0
//Break Periods
//Storyboard Layer 0 (Background)
//Storyboard Layer 1 (Fail)
//Storyboard Layer 2 (Pass)
//Storyboard Layer 3 (Foreground)
//Storyboard Sound Samples

[TimingPoints]
6,434.782608695652,4,1,0,0,1,0


[HitObjects]
483,192,6,128,0,332:0:0:0:0:
256,192,6,1,0,0:0:0:0:
142,192,6,1,0,0:0:0:0:
28,192,6,1,0,0:0:0:0:
426,192,6,1,0,0:0:0:0:
199,192,223,1,0,0:0:0:0:
369,192,332,128,0,549:0:0:0:0:
312,192,332,1,0,0:0:0:0:
142,192,332,1,0,0:0:0:0:
426,192,332,1,0,0:0:0:0:
256,192,440,1,0,0:0:0:0:
28,192,440,1,0,0:0:0:0:
199,192,440,1,0,0:0:0:0:
85,192,440,1,0,0:0:0:0:
199,192,658,1,0,0:0:0:0:
142,192,658,1,0,0:0:0:0:
369,192,658,128,0,875:0:0:0:0:
312,192,658,1,0,0:0:0:0:
28,192,875,128,0,1201:0:0:0:0:
256,192,875,1,0,0:0:0:0:
426,192,875,1,0,0:0:0:0:
312,192,1092,1,0,0:0:0:0:
85,192,1201,128,0,1527:0:0:0:0:
369,192,1201,1,0,0:0:0:0:
312,192,1310,1,0,0:0:0:0:
256,192,1310,1,0,0:0:0:0:
199,192,1310,1,0,0:0:0:0:
426,192,1310,1,0,0:0:0:0:
483,192,1310,1,0,0:0:0:0:
142,192,1527,128,0,1745:0:0:0:0:
369,192,1527,1,0,0:0:0:0:
312,192,1745,128,0,2071:0:0:0:0:
199,192,1745,1,0,0:0:0:0:
85,192,1745,1,0,0:0:0:0:
28,192,1745,1,0,0:0:0:0:
369,192,1853,1,0,0:0:0:0:
256,192,1853,1,0,0:0:0:0:
426,192,1853,1,0,0:0:0:0:
483,192,1853,1,0,0:0:0:0:
199,192,2071,128,0,2397:0:0:0:0:
142,192,2071,1,0,0:0:0:0:
28,192,2071,1,0,0:0:0:0:
85,192,2071,1,0,0:0:0:0:
256,192,2179,1,0,0:0:0:0:
312,192,2179,1,0,0:0:0:0:
369,192,2179,1,0,0:0:0:0:
426,192,2179,1,0,0:0:0:0:
483,192,2179,1,0,0:0:0:0:
256,192,2397,128,0,2614:0:0:0:0:
142,192,2397,1,0,0:0:0:0:
85,192,2397,1,0,0:0:0:0:
28,192,2397,1,0,0:0:0:0:
369,192,2614,128,0,2832:0:0:0:0:
483,192,2614,1,0,0:0:0:0:
426,192,2614,1,0,0:0:0:0:
142,192,2832,128,0,3049:0:0:0:0:
85,192,2832,1,0,0:0:0:0:
28,192,2832,1,0,0:0:0:0:
426,192,3049,128,0,3266:0:0:0:0:
199,192,3049,1,0,0:0:0:0:
256,192,3049,1,0,0:0:0:0:
312,192,3049,1,0,0:0:0:0:
369,192,3049,1,0,0:0:0:0:
483,192,3049,1,0,0:0:0:0:
85,192,3266,128,0,3484:0:0:0:0:
142,192,3266,1,0,0:0:0:0:
28,192,3266,1,0,0:0:0:0:
256,192,3484,128,0,5223:0:0:0:0:
199,192,3484,1,0,0:0:0:0:
142,192,3484,1,0,0:0:0:0:
312,192,3484,1,0,0:0:0:0:
369,192,3484,1,0,0:0:0:0:
85,192,3701,1,0,0:0:0:0:
28,192,3701,1,0,0:0:0:0:
426,192,3701,1,0,0:0:0:0:
483,192,3701,1,0,0:0:0:0:
199,192,3810,128,0,5223:0:0:0:0:
312,192,3810,128,0,5223:0:0:0:0:
142,192,3810,1,0,0:0:0:0:
369,192,3810,1,0,0:0:0:0:
85,192,4027,1,0,0:0:0:0:
426,192,4027,1,0,0:0:0:0:
142,192,4136,128,0,5223:0:0:0:0:
369,192,4136,1,0,0:0:0:0:
483,192,4136,1,0,0:0:0:0:
28,192,4136,1,0,0:0:0:0:
369,192,4353,128,0,5223:0:0:0:0:
85,192,4353,1,0,0:0:0:0:
426,192,4353,1,0,0:0:0:0:
28,192,4571,1,0,0:0:0:0:
483,192,4679,1,0,0:0:0:0:
426,192,4679,1,0,0:0:0:0:
85,192,4788,1,0,0:0:0:0:
28,192,4788,1,0,0:0:0:0:
483,192,5005,1,0,0:0:0:0:
426,192,5223,1,0,0:0:0:0:
85,192,5223,1,0,0:0:0:0:
28,192,5223,1,0,0:0:0:0:
483,192,5223,1,0,0:0:0:0:
369,192,5440,1,0,0:0:0:0:
312,192,5440,1,0,0:0:0:0:
199,192,5440,1,0,0:0:0:0:
142,192,5440,1,0,0:0:0:0:
256,192,5440,1,0,0:0:0:0:
85,192,5549,1,0,0:0:0:0:
28,192,5549,1,0,0:0:0:0:
426,192,5549,1,0,0:0:0:0:
483,192,5549,1,0,0:0:0:0:
199,192,5766,1,0,0:0:0:0:
312,192,5766,1,0,0:0:0:0:
85,192,5875,1,0,0:0:0:0:
28,192,5875,1,0,0:0:0:0:
426,192,5875,1,0,0:0:0:0:
483,192,5875,1,0,0:0:0:0:
312,192,5984,1,0,0:0:0:0:
199,192,5984,1,0,0:0:0:0:
256,192,6092,128,0,6310:0:0:0:0:
142,192,6092,1,0,0:0:0:0:
369,192,6092,1,0,0:0:0:0:
256,192,6419,1,0,0:0:0:0:
85,192,6527,1,0,0:0:0:0:
28,192,6527,1,0,0:0:0:0:
199,192,6527,1,0,0:0:0:0:
312,192,6527,1,0,0:0:0:0:
426,192,6527,1,0,0:0:0:0:
483,192,6527,1,0,0:0:0:0:
28,192,6962,1,0,0:0:0:0:
85,192,6962,1,0,0:0:0:0:
142,192,6962,1,0,0:0:0:0:
199,192,6962,1,0,0:0:0:0:
256,192,6962,1,0,0:0:0:0:
312,192,6962,1,0,0:0:0:0:
369,192,6962,1,0,0:0:0:0:
483,192,6962,1,0,0:0:0:0:
426,192,6962,1,0,0:0:0:0:
142,192,7071,1,0,0:0:0:0:
256,192,7071,1,0,0:0:0:0:
369,192,7071,1,0,0:0:0:0:
426,192,7071,1,0,0:0:0:0:
483,192,7071,1,0,0:0:0:0:
312,192,7071,1,0,0:0:0:0:
199,192,7071,1,0,0:0:0:0:
85,192,7071,1,0,0:0:0:0:
28,192,7071,1,0,0:0:0:0:
199,192,7179,1,0,0:0:0:0:
312,192,7179,1,0,0:0:0:0:
28,192,7179,1,0,0:0:0:0:
85,192,7179,1,0,0:0:0:0:
483,192,7179,1,0,0:0:0:0:
256,192,7179,1,0,0:0:0:0:
142,192,7179,1,0,0:0:0:0:
426,192,7179,1,0,0:0:0:0:
369,192,7179,1,0,0:0:0:0:
142,192,7288,1,0,0:0:0:0:
256,192,7288,1,0,0:0:0:0:
369,192,7288,1,0,0:0:0:0:
426,192,7288,1,0,0:0:0:0:
483,192,7288,1,0,0:0:0:0:
312,192,7288,1,0,0:0:0:0:
199,192,7288,1,0,0:0:0:0:
85,192,7288,1,0,0:0:0:0:
28,192,7288,1,0,0:0:0:0:
199,192,7397,1,0,0:0:0:0:
312,192,7397,1,0,0:0:0:0:
28,192,7397,1,0,0:0:0:0:
85,192,7397,1,0,0:0:0:0:
483,192,7397,1,0,0:0:0:0:
256,192,7397,1,0,0:0:0:0:
142,192,7397,1,0,0:0:0:0:
426,192,7397,1,0,0:0:0:0:
369,192,7397,1,0,0:0:0:0:
142,192,7505,1,0,0:0:0:0:
256,192,7505,1,0,0:0:0:0:
369,192,7505,1,0,0:0:0:0:
426,192,7505,1,0,0:0:0:0:
483,192,7505,1,0,0:0:0:0:
312,192,7505,1,0,0:0:0:0:
199,192,7505,1,0,0:0:0:0:
85,192,7505,1,0,0:0:0:0:
28,192,7505,1,0,0:0:0:0:
199,192,7614,1,0,0:0:0:0:
312,192,7614,1,0,0:0:0:0:
28,192,7614,1,0,0:0:0:0:
85,192,7614,1,0,0:0:0:0:
483,192,7614,1,0,0:0:0:0:
256,192,7614,1,0,0:0:0:0:
142,192,7614,1,0,0:0:0:0:
426,192,7614,1,0,0:0:0:0:
369,192,7614,1,0,0:0:0:0:
142,192,7723,1,0,0:0:0:0:
256,192,7723,1,0,0:0:0:0:
369,192,7723,1,0,0:0:0:0:
426,192,7723,1,0,0:0:0:0:
483,192,7723,1,0,0:0:0:0:
312,192,7723,1,0,0:0:0:0:
199,192,7723,1,0,0:0:0:0:
85,192,7723,1,0,0:0:0:0:
28,192,7723,1,0,0:0:0:0:
142,192,7832,1,0,0:0:0:0:
256,192,7832,1,0,0:0:0:0:
369,192,7832,1,0,0:0:0:0:
426,192,7832,1,0,0:0:0:0:
483,192,7832,1,0,0:0:0:0:
312,192,7832,1,0,0:0:0:0:
199,192,7832,1,0,0:0:0:0:
85,192,7832,1,0,0:0:0:0:
28,192,7832,1,0,0:0:0:0:
199,192,7940,1,0,0:0:0:0:
312,192,7940,1,0,0:0:0:0:
28,192,7940,1,0,0:0:0:0:
85,192,7940,1,0,0:0:0:0:
483,192,7940,1,0,0:0:0:0:
256,192,7940,1,0,0:0:0:0:
142,192,7940,1,0,0:0:0:0:
426,192,7940,1,0,0:0:0:0:
369,192,7940,1,0,0:0:0:0:
199,192,8049,1,0,0:0:0:0:
312,192,8049,1,0,0:0:0:0:
28,192,8049,1,0,0:0:0:0:
85,192,8049,1,0,0:0:0:0:
483,192,8049,1,0,0:0:0:0:
256,192,8049,1,0,0:0:0:0:
142,192,8049,1,0,0:0:0:0:
426,192,8049,1,0,0:0:0:0:
369,192,8049,1,0,0:0:0:0:
142,192,8158,1,0,0:0:0:0:
256,192,8158,1,0,0:0:0:0:
369,192,8158,1,0,0:0:0:0:
426,192,8158,1,0,0:0:0:0:
483,192,8158,1,0,0:0:0:0:
312,192,8158,1,0,0:0:0:0:
199,192,8158,1,0,0:0:0:0:
85,192,8158,1,0,0:0:0:0:
28,192,8158,1,0,0:0:0:0:
199,192,8266,1,0,0:0:0:0:
312,192,8266,1,0,0:0:0:0:
28,192,8266,1,0,0:0:0:0:
85,192,8266,1,0,0:0:0:0:
483,192,8266,1,0,0:0:0:0:
256,192,8266,1,0,0:0:0:0:
142,192,8266,1,0,0:0:0:0:
426,192,8266,1,0,0:0:0:0:
369,192,8266,1,0,0:0:0:0:
199,192,8375,1,0,0:0:0:0:
312,192,8375,1,0,0:0:0:0:
28,192,8375,1,0,0:0:0:0:
85,192,8375,1,0,0:0:0:0:
483,192,8375,1,0,0:0:0:0:
256,192,8375,1,0,0:0:0:0:
142,192,8375,1,0,0:0:0:0:
426,192,8375,1,0,0:0:0:0:
369,192,8375,1,0,0:0:0:0:
142,192,8484,1,0,0:0:0:0:
256,192,8484,1,0,0:0:0:0:
369,192,8484,1,0,0:0:0:0:
426,192,8484,1,0,0:0:0:0:
483,192,8484,1,0,0:0:0:0:
312,192,8484,1,0,0:0:0:0:
199,192,8484,1,0,0:0:0:0:
85,192,8484,1,0,0:0:0:0:
28,192,8484,1,0,0:0:0:0:
199,192,8592,1,0,0:0:0:0:
312,192,8592,1,0,0:0:0:0:
28,192,8592,1,0,0:0:0:0:
85,192,8592,1,0,0:0:0:0:
483,192,8592,1,0,0:0:0:0:
256,192,8592,1,0,0:0:0:0:
142,192,8592,1,0,0:0:0:0:
426,192,8592,1,0,0:0:0:0:
369,192,8592,1,0,0:0:0:0:
142,192,8701,1,0,0:0:0:0:
256,192,8701,1,0,0:0:0:0:
369,192,8701,1,0,0:0:0:0:
426,192,8701,1,0,0:0:0:0:
483,192,8701,1,0,0:0:0:0:
312,192,8701,1,0,0:0:0:0:
199,192,8701,1,0,0:0:0:0:
85,192,8701,1,0,0:0:0:0:
28,192,8701,1,0,0:0:0:0:
199,192,8810,1,0,0:0:0:0:
312,192,8810,1,0,0:0:0:0:
28,192,8810,1,0,0:0:0:0:
85,192,8810,1,0,0:0:0:0:
483,192,8810,1,0,0:0:0:0:
256,192,8810,1,0,0:0:0:0:
142,192,8810,1,0,0:0:0:0:
426,192,8810,1,0,0:0:0:0:
369,192,8810,1,0,0:0:0:0:
199,192,8919,1,0,0:0:0:0:
312,192,8919,1,0,0:0:0:0:
28,192,8919,1,0,0:0:0:0:
85,192,8919,1,0,0:0:0:0:
483,192,8919,1,0,0:0:0:0:
256,192,8919,1,0,0:0:0:0:
142,192,8919,1,0,0:0:0:0:
426,192,8919,1,0,0:0:0:0:
369,192,8919,1,0,0:0:0:0:
142,192,9027,1,0,0:0:0:0:
256,192,9027,1,0,0:0:0:0:
369,192,9027,1,0,0:0:0:0:
426,192,9027,1,0,0:0:0:0:
483,192,9027,1,0,0:0:0:0:
312,192,9027,1,0,0:0:0:0:
199,192,9027,1,0,0:0:0:0:
85,192,9027,1,0,0:0:0:0:
28,192,9027,1,0,0:0:0:0:
199,192,9136,1,0,0:0:0:0:
312,192,9136,1,0,0:0:0:0:
28,192,9136,1,0,0:0:0:0:
85,192,9136,1,0,0:0:0:0:
483,192,9136,1,0,0:0:0:0:
256,192,9136,1,0,0:0:0:0:
142,192,9136,1,0,0:0:0:0:
426,192,9136,1,0,0:0:0:0:
369,192,9136,1,0,0:0:0:0:
142,192,9245,1,0,0:0:0:0:
256,192,9245,1,0,0:0:0:0:
369,192,9245,1,0,0:0:0:0:
426,192,9245,1,0,0:0:0:0:
483,192,9245,1,0,0:0:0:0:
312,192,9245,1,0,0:0:0:0:
199,192,9245,1,0,0:0:0:0:
85,192,9245,1,0,0:0:0:0:
28,192,9245,1,0,0:0:0:0:
199,192,9353,1,0,0:0:0:0:
312,192,9353,1,0,0:0:0:0:
28,192,9353,1,0,0:0:0:0:
85,192,9353,1,0,0:0:0:0:
483,192,9353,1,0,0:0:0:0:
256,192,9353,1,0,0:0:0:0:
142,192,9353,1,0,0:0:0:0:
426,192,9353,1,0,0:0:0:0:
369,192,9353,1,0,0:0:0:0:
142,192,9462,1,0,0:0:0:0:
256,192,9462,1,0,0:0:0:0:
369,192,9462,1,0,0:0:0:0:
426,192,9462,1,0,0:0:0:0:
483,192,9462,1,0,0:0:0:0:
312,192,9462,1,0,0:0:0:0:
199,192,9462,1,0,0:0:0:0:
85,192,9462,1,0,0:0:0:0:
28,192,9462,1,0,0:0:0:0:
199,192,9571,1,0,0:0:0:0:
312,192,9571,1,0,0:0:0:0:
28,192,9571,1,0,0:0:0:0:
85,192,9571,1,0,0:0:0:0:
483,192,9571,1,0,0:0:0:0:
256,192,9571,1,0,0:0:0:0:
142,192,9571,1,0,0:0:0:0:
426,192,9571,1,0,0:0:0:0:
369,192,9571,1,0,0:0:0:0:
142,192,9679,1,0,0:0:0:0:
256,192,9679,1,0,0:0:0:0:
369,192,9679,1,0,0:0:0:0:
426,192,9679,1,0,0:0:0:0:
483,192,9679,1,0,0:0:0:0:
312,192,9679,1,0,0:0:0:0:
199,192,9679,1,0,0:0:0:0:
85,192,9679,1,0,0:0:0:0:
28,192,9679,1,0,0:0:0:0:
199,192,9788,1,0,0:0:0:0:
312,192,9788,1,0,0:0:0:0:
28,192,9788,1,0,0:0:0:0:
85,192,9788,1,0,0:0:0:0:
483,192,9788,1,0,0:0:0:0:
256,192,9788,1,0,0:0:0:0:
142,192,9788,1,0,0:0:0:0:
426,192,9788,1,0,0:0:0:0:
369,192,9788,1,0,0:0:0:0:
142,192,9897,1,0,0:0:0:0:
256,192,9897,1,0,0:0:0:0:
369,192,9897,1,0,0:0:0:0:
426,192,9897,1,0,0:0:0:0:
483,192,9897,1,0,0:0:0:0:
312,192,9897,1,0,0:0:0:0:
199,192,9897,1,0,0:0:0:0:
85,192,9897,1,0,0:0:0:0:
28,192,9897,1,0,0:0:0:0:
199,192,10005,1,0,0:0:0:0:
312,192,10005,1,0,0:0:0:0:
28,192,10005,1,0,0:0:0:0:
85,192,10005,1,0,0:0:0:0:
483,192,10005,1,0,0:0:0:0:
256,192,10005,1,0,0:0:0:0:
142,192,10005,1,0,0:0:0:0:
426,192,10005,1,0,0:0:0:0:
369,192,10005,1,0,0:0:0:0:
142,192,10114,1,0,0:0:0:0:
256,192,10114,1,0,0:0:0:0:
369,192,10114,1,0,0:0:0:0:
426,192,10114,1,0,0:0:0:0:
483,192,10114,1,0,0:0:0:0:
312,192,10114,1,0,0:0:0:0:
199,192,10114,1,0,0:0:0:0:
85,192,10114,1,0,0:0:0:0:
28,192,10114,1,0,0:0:0:0:
199,192,10223,1,0,0:0:0:0:
312,192,10223,1,0,0:0:0:0:
28,192,10223,1,0,0:0:0:0:
85,192,10223,1,0,0:0:0:0:
483,192,10223,1,0,0:0:0:0:
256,192,10223,1,0,0:0:0:0:
142,192,10223,1,0,0:0:0:0:
426,192,10223,1,0,0:0:0:0:
369,192,10223,1,0,0:0:0:0:
199,192,10332,1,0,0:0:0:0:
312,192,10332,1,0,0:0:0:0:
28,192,10332,1,0,0:0:0:0:
85,192,10332,1,0,0:0:0:0:
483,192,10332,1,0,0:0:0:0:
256,192,10332,1,0,0:0:0:0:
142,192,10332,1,0,0:0:0:0:
426,192,10332,1,0,0:0:0:0:
369,192,10332,1,0,0:0:0:0:
483,192,10440,1,0,0:0:0:0:
426,192,10440,1,0,0:0:0:0:
369,192,10440,1,0,0:0:0:0:
312,192,10440,1,0,0:0:0:0:
256,192,10440,1,0,0:0:0:0:
199,192,10440,1,0,0:0:0:0:
142,192,10440,1,0,0:0:0:0:
85,192,10440,1,0,0:0:0:0:
28,192,10467,1,0,0:0:0:0:
483,192,10549,1,0,0:0:0:0:
426,192,10549,1,0,0:0:0:0:
369,192,10549,1,0,0:0:0:0:
312,192,10549,1,0,0:0:0:0:
256,192,10549,1,0,0:0:0:0:
199,192,10549,1,0,0:0:0:0:
142,192,10549,1,0,0:0:0:0:
85,192,10576,1,0,0:0:0:0:
28,192,10585,1,0,0:0:0:0:
483,192,10658,1,0,0:0:0:0:
426,192,10658,1,0,0:0:0:0:
369,192,10658,1,0,0:0:0:0:
312,192,10658,1,0,0:0:0:0:
256,192,10658,1,0,0:0:0:0:
199,192,10658,1,0,0:0:0:0:
142,192,10685,1,0,0:0:0:0:
85,192,10694,1,0,0:0:0:0:
28,192,10712,1,0,0:0:0:0:
256,192,10766,1,0,0:0:0:0:
312,192,10766,1,0,0:0:0:0:
369,192,10766,1,0,0:0:0:0:
426,192,10766,1,0,0:0:0:0:
483,192,10766,1,0,0:0:0:0:
199,192,10794,1,0,0:0:0:0:
142,192,10803,1,0,0:0:0:0:
85,192,10821,1,0,0:0:0:0:
28,192,10821,1,0,0:0:0:0:
312,192,10875,1,0,0:0:0:0:
369,192,10875,1,0,0:0:0:0:
426,192,10875,1,0,0:0:0:0:
483,192,10875,1,0,0:0:0:0:
256,192,10902,1,0,0:0:0:0:
199,192,10911,1,0,0:0:0:0:
142,192,10929,1,0,0:0:0:0:
85,192,10929,1,0,0:0:0:0:
28,192,10929,1,0,0:0:0:0:
369,192,10984,1,0,0:0:0:0:
426,192,10984,1,0,0:0:0:0:
483,192,10984,1,0,0:0:0:0:
312,192,11011,1,0,0:0:0:0:
256,192,11020,1,0,0:0:0:0:
199,192,11038,1,0,0:0:0:0:
142,192,11038,1,0,0:0:0:0:
85,192,11038,1,0,0:0:0:0:
28,192,11038,1,0,0:0:0:0:
483,192,11092,1,0,0:0:0:0:
426,192,11092,1,0,0:0:0:0:
369,192,11120,1,0,0:0:0:0:
312,192,11129,1,0,0:0:0:0:
256,192,11147,1,0,0:0:0:0:
199,192,11147,1,0,0:0:0:0:
142,192,11147,1,0,0:0:0:0:
85,192,11147,1,0,0:0:0:0:
28,192,11147,1,0,0:0:0:0:
483,192,11201,1,0,0:0:0:0:
426,192,11228,1,0,0:0:0:0:
369,192,11237,1,0,0:0:0:0:
312,192,11255,1,0,0:0:0:0:
199,192,11255,1,0,0:0:0:0:
256,192,11255,1,0,0:0:0:0:
142,192,11255,1,0,0:0:0:0:
85,192,11255,1,0,0:0:0:0:
28,192,11255,1,0,0:0:0:0:
142,192,11310,1,0,0:0:0:0:
199,192,11310,1,0,0:0:0:0:
312,192,11310,1,0,0:0:0:0:
256,192,11310,1,0,0:0:0:0:
369,192,11310,1,0,0:0:0:0:
426,192,11310,1,0,0:0:0:0:
483,192,11310,1,0,0:0:0:0:
85,192,11337,1,0,0:0:0:0:
28,192,11346,1,0,0:0:0:0:
199,192,11419,1,0,0:0:0:0:
256,192,11419,1,0,0:0:0:0:
312,192,11419,1,0,0:0:0:0:
369,192,11419,1,0,0:0:0:0:
426,192,11419,1,0,0:0:0:0:
483,192,11419,1,0,0:0:0:0:
142,192,11446,1,0,0:0:0:0:
85,192,11455,1,0,0:0:0:0:
28,192,11473,1,0,0:0:0:0:
256,192,11527,1,0,0:0:0:0:
312,192,11527,1,0,0:0:0:0:
369,192,11527,1,0,0:0:0:0:
426,192,11527,1,0,0:0:0:0:
483,192,11527,1,0,0:0:0:0:
199,192,11554,1,0,0:0:0:0:
142,192,11563,1,0,0:0:0:0:
85,192,11582,1,0,0:0:0:0:
28,192,11582,1,0,0:0:0:0:
312,192,11636,1,0,0:0:0:0:
369,192,11636,1,0,0:0:0:0:
426,192,11636,1,0,0:0:0:0:
483,192,11636,1,0,0:0:0:0:
256,192,11663,1,0,0:0:0:0:
199,192,11672,1,0,0:0:0:0:
142,192,11690,1,0,0:0:0:0:
85,192,11690,1,0,0:0:0:0:
28,192,11690,1,0,0:0:0:0:
369,192,11745,1,0,0:0:0:0:
426,192,11745,1,0,0:0:0:0:
483,192,11745,1,0,0:0:0:0:
312,192,11772,1,0,0:0:0:0:
256,192,11781,1,0,0:0:0:0:
199,192,11799,1,0,0:0:0:0:
142,192,11799,1,0,0:0:0:0:
85,192,11799,1,0,0:0:0:0:
28,192,11799,1,0,0:0:0:0:
426,192,11853,1,0,0:0:0:0:
483,192,11853,1,0,0:0:0:0:
369,192,11880,1,0,0:0:0:0:
312,192,11890,1,0,0:0:0:0:
28,192,11908,1,0,0:0:0:0:
85,192,11908,1,0,0:0:0:0:
142,192,11908,1,0,0:0:0:0:
199,192,11908,1,0,0:0:0:0:
256,192,11908,1,0,0:0:0:0:
483,192,11962,1,0,0:0:0:0:
426,192,11989,1,0,0:0:0:0:
369,192,11998,1,0,0:0:0:0:
28,192,12016,1,0,0:0:0:0:
85,192,12016,1,0,0:0:0:0:
142,192,12016,1,0,0:0:0:0:
199,192,12016,1,0,0:0:0:0:
256,192,12016,1,0,0:0:0:0:
312,192,12016,1,0,0:0:0:0:
483,192,12098,1,0,0:0:0:0:
426,192,12107,1,0,0:0:0:0:
28,192,12125,1,0,0:0:0:0:
85,192,12125,1,0,0:0:0:0:
142,192,12125,1,0,0:0:0:0:
199,192,12125,1,0,0:0:0:0:
256,192,12125,1,0,0:0:0:0:
312,192,12125,1,0,0:0:0:0:
369,192,12125,1,0,0:0:0:0:
28,192,12179,1,0,0:0:0:0:
85,192,12179,1,0,0:0:0:0:
142,192,12179,1,0,0:0:0:0:
199,192,12179,1,0,0:0:0:0:
256,192,12179,1,0,0:0:0:0:
312,192,12179,1,0,0:0:0:0:
369,192,12179,1,0,0:0:0:0:
426,192,12197,1,0,0:0:0:0:
483,192,12207,1,0,0:0:0:0:
28,192,12288,1,0,0:0:0:0:
85,192,12288,1,0,0:0:0:0:
142,192,12288,1,0,0:0:0:0:
199,192,12288,1,0,0:0:0:0:
256,192,12288,1,0,0:0:0:0:
312,192,12288,1,0,0:0:0:0:
369,192,12306,1,0,0:0:0:0:
426,192,12315,1,0,0:0:0:0:
483,192,12342,1,0,0:0:0:0:
28,192,12397,1,0,0:0:0:0:
85,192,12397,1,0,0:0:0:0:
142,192,12397,1,0,0:0:0:0:
199,192,12397,1,0,0:0:0:0:
256,192,12397,1,0,0:0:0:0:
312,192,12414,1,0,0:0:0:0:
369,192,12424,1,0,0:0:0:0:
426,192,12451,1,0,0:0:0:0:
483,192,12451,1,0,0:0:0:0:
199,192,12505,1,0,0:0:0:0:
142,192,12505,1,0,0:0:0:0:
85,192,12505,1,0,0:0:0:0:
28,192,12505,1,0,0:0:0:0:
256,192,12523,1,0,0:0:0:0:
312,192,12533,1,0,0:0:0:0:
369,192,12560,1,0,0:0:0:0:
426,192,12560,1,0,0:0:0:0:
483,192,12560,1,0,0:0:0:0:
142,192,12614,1,0,0:0:0:0:
85,192,12614,1,0,0:0:0:0:
28,192,12614,1,0,0:0:0:0:
199,192,12632,1,0,0:0:0:0:
256,192,12641,1,0,0:0:0:0:
312,192,12669,1,0,0:0:0:0:
369,192,12669,1,0,0:0:0:0:
426,192,12669,1,0,0:0:0:0:
483,192,12669,1,0,0:0:0:0:
85,192,12723,1,0,0:0:0:0:
28,192,12723,1,0,0:0:0:0:
142,192,12740,1,0,0:0:0:0:
199,192,12750,1,0,0:0:0:0:
256,192,12777,1,0,0:0:0:0:
312,192,12777,1,0,0:0:0:0:
369,192,12777,1,0,0:0:0:0:
426,192,12777,1,0,0:0:0:0:
483,192,12777,1,0,0:0:0:0:
28,192,12832,1,0,0:0:0:0:
85,192,12849,1,0,0:0:0:0:
142,192,12859,1,0,0:0:0:0:
199,192,12886,1,0,0:0:0:0:
256,192,12886,1,0,0:0:0:0:
312,192,12886,1,0,0:0:0:0:
369,192,12886,1,0,0:0:0:0:
426,192,12886,1,0,0:0:0:0:
483,192,12886,1,0,0:0:0:0:
28,192,12958,1,0,0:0:0:0:
85,192,12967,1,0,0:0:0:0:
142,192,12995,1,0,0:0:0:0:
199,192,12995,1,0,0:0:0:0:
312,192,12995,1,0,0:0:0:0:
256,192,12995,1,0,0:0:0:0:
369,192,12995,1,0,0:0:0:0:
426,192,12995,1,0,0:0:0:0:
483,192,12995,1,0,0:0:0:0:
312,192,13049,1,0,0:0:0:0:
199,192,13049,1,0,0:0:0:0:
256,192,13049,1,0,0:0:0:0:
142,192,13049,1,0,0:0:0:0:
85,192,13049,1,0,0:0:0:0:
28,192,13049,1,0,0:0:0:0:
369,192,13066,1,0,0:0:0:0:
426,192,13076,1,0,0:0:0:0:
483,192,13103,1,0,0:0:0:0:
256,192,13158,1,0,0:0:0:0:
199,192,13158,1,0,0:0:0:0:
142,192,13158,1,0,0:0:0:0:
85,192,13158,1,0,0:0:0:0:
28,192,13158,1,0,0:0:0:0:
312,192,13175,1,0,0:0:0:0:
369,192,13185,1,0,0:0:0:0:
483,192,13212,1,0,0:0:0:0:
426,192,13212,1,0,0:0:0:0:
199,192,13266,1,0,0:0:0:0:
142,192,13266,1,0,0:0:0:0:
85,192,13266,1,0,0:0:0:0:
28,192,13266,1,0,0:0:0:0:
256,192,13284,1,0,0:0:0:0:
312,192,13294,1,0,0:0:0:0:
369,192,13321,1,0,0:0:0:0:
426,192,13321,1,0,0:0:0:0:
483,192,13321,1,0,0:0:0:0:
142,192,13375,1,0,0:0:0:0:
85,192,13375,1,0,0:0:0:0:
28,192,13375,1,0,0:0:0:0:
199,192,13393,1,0,0:0:0:0:
256,192,13402,1,0,0:0:0:0:
312,192,13429,1,0,0:0:0:0:
369,192,13429,1,0,0:0:0:0:
426,192,13429,1,0,0:0:0:0:
483,192,13429,1,0,0:0:0:0:
85,192,13484,1,0,0:0:0:0:
28,192,13484,1,0,0:0:0:0:
142,192,13501,1,0,0:0:0:0:
199,192,13511,1,0,0:0:0:0:
256,192,13538,1,0,0:0:0:0:
312,192,13538,1,0,0:0:0:0:
369,192,13538,1,0,0:0:0:0:
426,192,13538,1,0,0:0:0:0:
483,192,13538,1,0,0:0:0:0:
28,192,13592,1,0,0:0:0:0:
85,192,13610,1,0,0:0:0:0:
142,192,13620,1,0,0:0:0:0:
483,192,13647,1,0,0:0:0:0:
426,192,13647,1,0,0:0:0:0:
369,192,13647,1,0,0:0:0:0:
312,192,13647,1,0,0:0:0:0:
256,192,13647,1,0,0:0:0:0:
199,192,13647,1,0,0:0:0:0:
28,192,13719,1,0,0:0:0:0:
85,192,13728,1,0,0:0:0:0:
483,192,13755,1,0,0:0:0:0:
426,192,13755,1,0,0:0:0:0:
369,192,13755,1,0,0:0:0:0:
312,192,13755,1,0,0:0:0:0:
256,192,13755,1,0,0:0:0:0:
199,192,13755,1,0,0:0:0:0:
142,192,13755,1,0,0:0:0:0:
28,192,13837,1,0,0:0:0:0:
483,192,13864,1,0,0:0:0:0:
426,192,13864,1,0,0:0:0:0:
369,192,13864,1,0,0:0:0:0:
312,192,13864,1,0,0:0:0:0:
256,192,13864,1,0,0:0:0:0:
199,192,13864,1,0,0:0:0:0:
142,192,13864,1,0,0:0:0:0:
85,192,13864,1,0,0:0:0:0:
142,192,13919,1,0,0:0:0:0:
28,192,13919,1,0,0:0:0:0:
369,192,13919,1,0,0:0:0:0:
483,192,13919,1,0,0:0:0:0:
85,192,13919,1,0,0:0:0:0:
199,192,13919,1,0,0:0:0:0:
256,192,13919,1,0,0:0:0:0:
312,192,13919,1,0,0:0:0:0:
426,192,13919,1,0,0:0:0:0:
256,192,14027,1,0,0:0:0:0:
199,192,14136,1,0,0:0:0:0:
85,192,14136,1,0,0:0:0:0:
426,192,14136,1,0,0:0:0:0:
369,192,14245,1,0,0:0:0:0:
312,192,14353,1,0,0:0:0:0:
142,192,14353,1,0,0:0:0:0:
28,192,14353,1,0,0:0:0:0:
483,192,14353,1,0,0:0:0:0:
256,192,14353,1,0,0:0:0:0:
85,192,14462,1,0,0:0:0:0:
199,192,14571,1,0,0:0:0:0:
369,192,14571,1,0,0:0:0:0:
426,192,14571,1,0,0:0:0:0:
142,192,14679,1,0,0:0:0:0:
256,192,14788,1,0,0:0:0:0:
85,192,14788,1,0,0:0:0:0:
28,192,14788,1,0,0:0:0:0:
312,192,14788,1,0,0:0:0:0:
369,192,14897,1,0,0:0:0:0:
199,192,15005,1,0,0:0:0:0:
426,192,15005,1,0,0:0:0:0:
483,192,15005,1,0,0:0:0:0:
256,192,15114,1,0,0:0:0:0:
142,192,15223,1,0,0:0:0:0:
28,192,15223,1,0,0:0:0:0:
312,192,15223,1,0,0:0:0:0:
426,192,15223,1,0,0:0:0:0:
369,192,15223,1,0,0:0:0:0:
199,192,15332,1,0,0:0:0:0:
85,192,15440,1,0,0:0:0:0:
256,192,15440,1,0,0:0:0:0:
483,192,15440,1,0,0:0:0:0:
426,192,15549,1,0,0:0:0:0:
369,192,15658,1,0,0:0:0:0:
142,192,15658,1,0,0:0:0:0:
28,192,15658,1,0,0:0:0:0:
199,192,15658,1,0,0:0:0:0:
256,192,15766,1,0,0:0:0:0:
199,192,15875,1,0,0:0:0:0:
312,192,15875,1,0,0:0:0:0:
426,192,15875,1,0,0:0:0:0:
28,192,15984,1,0,0:0:0:0:
142,192,16092,1,0,0:0:0:0:
369,192,16092,1,0,0:0:0:0:
483,192,16092,1,0,0:0:0:0:
256,192,16092,1,0,0:0:0:0:
85,192,16092,1,0,0:0:0:0:
312,192,16201,1,0,0:0:0:0:
426,192,16310,1,0,0:0:0:0:
199,192,16310,1,0,0:0:0:0:
85,192,16310,1,0,0:0:0:0:
369,192,16419,1,0,0:0:0:0:
142,192,16527,1,0,0:0:0:0:
28,192,16527,1,0,0:0:0:0:
256,192,16527,1,0,0:0:0:0:
312,192,16527,1,0,0:0:0:0:
483,192,16636,1,0,0:0:0:0:
426,192,16745,1,0,0:0:0:0:
199,192,16745,1,0,0:0:0:0:
28,192,16745,1,0,0:0:0:0:
85,192,16853,1,0,0:0:0:0:
142,192,16962,1,0,0:0:0:0:
256,192,16962,1,0,0:0:0:0:
312,192,16962,1,0,0:0:0:0:
369,192,16962,1,0,0:0:0:0:
483,192,16962,1,0,0:0:0:0:
199,192,17071,1,0,0:0:0:0:
85,192,17179,1,0,0:0:0:0:
256,192,17179,1,0,0:0:0:0:
426,192,17179,1,0,0:0:0:0:
369,192,17288,1,0,0:0:0:0:
312,192,17397,1,0,0:0:0:0:
142,192,17397,1,0,0:0:0:0:
28,192,17397,1,0,0:0:0:0:
483,192,17397,1,0,0:0:0:0:
199,192,17505,1,0,0:0:0:0:
85,192,17614,1,0,0:0:0:0:
256,192,17614,1,0,0:0:0:0:
426,192,17614,1,0,0:0:0:0:
142,192,17723,1,0,0:0:0:0:
28,192,17832,1,0,0:0:0:0:
199,192,17832,1,0,0:0:0:0:
312,192,17832,1,0,0:0:0:0:
369,192,17832,1,0,0:0:0:0:
483,192,17832,1,0,0:0:0:0:
426,192,17940,1,0,0:0:0:0:
369,192,18049,1,0,0:0:0:0:
142,192,18049,1,0,0:0:0:0:
85,192,18049,1,0,0:0:0:0:
312,192,18158,1,0,0:0:0:0:
256,192,18266,1,0,0:0:0:0:
199,192,18266,1,0,0:0:0:0:
28,192,18266,1,0,0:0:0:0:
483,192,18266,1,0,0:0:0:0:
85,192,18375,1,0,0:0:0:0:
142,192,18484,1,0,0:0:0:0:
312,192,18484,1,0,0:0:0:0:
369,192,18484,1,0,0:0:0:0:
199,192,18592,1,0,0:0:0:0:
256,192,18701,1,0,0:0:0:0:
28,192,18701,1,0,0:0:0:0:
85,192,18701,1,0,0:0:0:0:
426,192,18701,1,0,0:0:0:0:
483,192,18701,1,0,0:0:0:0:
369,192,18810,1,0,0:0:0:0:
312,192,18919,1,0,0:0:0:0:
142,192,18919,1,0,0:0:0:0:
256,192,19027,1,0,0:0:0:0:
199,192,19136,1,0,0:0:0:0:
28,192,19136,1,0,0:0:0:0:
369,192,19136,1,0,0:0:0:0:
426,192,19136,1,0,0:0:0:0:
483,192,19245,1,0,0:0:0:0:
312,192,19353,1,0,0:0:0:0:
142,192,19353,1,0,0:0:0:0:
85,192,19353,1,0,0:0:0:0:
426,192,19462,1,0,0:0:0:0:
256,192,19571,1,0,0:0:0:0:
28,192,19571,1,0,0:0:0:0:
199,192,19571,1,0,0:0:0:0:
85,192,19571,1,0,0:0:0:0:
483,192,19571,1,0,0:0:0:0:
369,192,19679,1,0,0:0:0:0:
199,192,19788,1,0,0:0:0:0:
142,192,19788,1,0,0:0:0:0:
426,192,19788,1,0,0:0:0:0:
312,192,19897,1,0,0:0:0:0:
142,192,20005,1,0,0:0:0:0:
85,192,20005,1,0,0:0:0:0:
369,192,20005,1,0,0:0:0:0:
483,192,20005,1,0,0:0:0:0:
256,192,20114,1,0,0:0:0:0:
85,192,20223,1,0,0:0:0:0:
28,192,20223,1,0,0:0:0:0:
312,192,20223,1,0,0:0:0:0:
199,192,20332,1,0,0:0:0:0:
28,192,20440,1,0,0:0:0:0:
369,192,20440,1,0,0:0:0:0:
483,192,20440,1,0,0:0:0:0:
426,192,20440,1,0,0:0:0:0:
142,192,20549,1,0,0:0:0:0:
28,192,20658,1,0,0:0:0:0:
199,192,20658,1,0,0:0:0:0:
256,192,20658,1,0,0:0:0:0:
426,192,20658,1,0,0:0:0:0:
483,192,20658,1,0,0:0:0:0:
369,192,20658,1,0,0:0:0:0:
312,192,20658,1,0,0:0:0:0:
142,192,20658,1,0,0:0:0:0:
85,192,20658,1,0,0:0:0:0:
28,192,20766,1,0,0:0:0:0:
85,192,20766,1,0,0:0:0:0:
199,192,20766,1,0,0:0:0:0:
256,192,20766,1,0,0:0:0:0:
142,192,20766,1,0,0:0:0:0:
369,192,20766,1,0,0:0:0:0:
312,192,20766,1,0,0:0:0:0:
426,192,20766,1,0,0:0:0:0:
483,192,20766,1,0,0:0:0:0:
483,192,20875,128,0,20957:0:0:0:0:
256,192,20875,128,0,20957:0:0:0:0:
28,192,20875,128,0,20957:0:0:0:0:
426,192,20875,128,0,20929:0:0:0:0:
85,192,20875,128,0,20929:0:0:0:0:
369,192,20902,128,0,20957:0:0:0:0:
142,192,20902,128,0,20957:0:0:0:0:
199,192,20929,128,0,20957:0:0:0:0:
312,192,20929,128,0,20957:0:0:0:0:
199,192,20984,128,0,21038:0:0:0:0:
256,192,20984,128,0,21065:0:0:0:0:
312,192,20984,128,0,21038:0:0:0:0:
28,192,20984,128,0,21065:0:0:0:0:
483,192,20984,128,0,21065:0:0:0:0:
142,192,21011,128,0,21065:0:0:0:0:
369,192,21011,128,0,21065:0:0:0:0:
426,192,21038,128,0,21065:0:0:0:0:
85,192,21038,128,0,21065:0:0:0:0:
426,192,21092,128,0,21147:0:0:0:0:
85,192,21092,128,0,21147:0:0:0:0:
28,192,21092,128,0,21174:0:0:0:0:
483,192,21092,128,0,21174:0:0:0:0:
256,192,21092,128,0,21174:0:0:0:0:
142,192,21120,128,0,21174:0:0:0:0:
369,192,21120,128,0,21174:0:0:0:0:
312,192,21147,128,0,21174:0:0:0:0:
199,192,21147,128,0,21174:0:0:0:0:
28,192,21201,128,0,21283:0:0:0:0:
483,192,21201,128,0,21283:0:0:0:0:
312,192,21201,128,0,21255:0:0:0:0:
199,192,21201,128,0,21255:0:0:0:0:
256,192,21201,128,0,21283:0:0:0:0:
369,192,21228,128,0,21283:0:0:0:0:
142,192,21228,128,0,21283:0:0:0:0:
85,192,21255,128,0,21283:0:0:0:0:
426,192,21255,128,0,21283:0:0:0:0:
483,192,21310,128,0,21391:0:0:0:0:
256,192,21310,128,0,21391:0:0:0:0:
28,192,21310,128,0,21391:0:0:0:0:
426,192,21310,128,0,21364:0:0:0:0:
85,192,21310,128,0,21364:0:0:0:0:
369,192,21337,128,0,21391:0:0:0:0:
142,192,21337,128,0,21391:0:0:0:0:
199,192,21364,128,0,21391:0:0:0:0:
312,192,21364,128,0,21391:0:0:0:0:
199,192,21419,128,0,21473:0:0:0:0:
256,192,21419,128,0,21500:0:0:0:0:
312,192,21419,128,0,21473:0:0:0:0:
28,192,21419,128,0,21500:0:0:0:0:
483,192,21419,128,0,21500:0:0:0:0:
142,192,21446,128,0,21500:0:0:0:0:
369,192,21446,128,0,21500:0:0:0:0:
426,192,21473,128,0,21500:0:0:0:0:
85,192,21473,128,0,21500:0:0:0:0:
426,192,21527,128,0,21582:0:0:0:0:
85,192,21527,128,0,21582:0:0:0:0:
28,192,21527,128,0,21609:0:0:0:0:
483,192,21527,128,0,21609:0:0:0:0:
256,192,21527,128,0,21609:0:0:0:0:
142,192,21554,128,0,21609:0:0:0:0:
369,192,21554,128,0,21609:0:0:0:0:
312,192,21582,128,0,21609:0:0:0:0:
199,192,21582,128,0,21609:0:0:0:0:
28,192,21636,128,0,21717:0:0:0:0:
483,192,21636,128,0,21717:0:0:0:0:
312,192,21636,128,0,21690:0:0:0:0:
199,192,21636,128,0,21690:0:0:0:0:
256,192,21636,128,0,21717:0:0:0:0:
369,192,21663,128,0,21717:0:0:0:0:
142,192,21663,128,0,21717:0:0:0:0:
85,192,21690,128,0,21717:0:0:0:0:
426,192,21690,128,0,21717:0:0:0:0:
483,192,21745,128,0,21826:0:0:0:0:
256,192,21745,128,0,21826:0:0:0:0:
28,192,21745,128,0,21826:0:0:0:0:
426,192,21745,128,0,21799:0:0:0:0:
85,192,21745,128,0,21799:0:0:0:0:
369,192,21772,128,0,21826:0:0:0:0:
142,192,21772,128,0,21826:0:0:0:0:
199,192,21799,128,0,21826:0:0:0:0:
312,192,21799,128,0,21826:0:0:0:0:
199,192,21853,128,0,21908:0:0:0:0:
256,192,21853,128,0,21935:0:0:0:0:
312,192,21853,128,0,21908:0:0:0:0:
28,192,21853,128,0,21935:0:0:0:0:
483,192,21853,128,0,21935:0:0:0:0:
142,192,21880,128,0,21935:0:0:0:0:
369,192,21880,128,0,21935:0:0:0:0:
426,192,21908,128,0,21935:0:0:0:0:
85,192,21908,128,0,21935:0:0:0:0:
426,192,21962,128,0,22016:0:0:0:0:
85,192,21962,128,0,22016:0:0:0:0:
28,192,21962,128,0,22044:0:0:0:0:
483,192,21962,128,0,22044:0:0:0:0:
256,192,21962,128,0,22044:0:0:0:0:
142,192,21989,128,0,22044:0:0:0:0:
369,192,21989,128,0,22044:0:0:0:0:
312,192,22016,128,0,22044:0:0:0:0:
199,192,22016,128,0,22044:0:0:0:0:
28,192,22071,128,0,22152:0:0:0:0:
483,192,22071,128,0,22152:0:0:0:0:
312,192,22071,128,0,22125:0:0:0:0:
199,192,22071,128,0,22125:0:0:0:0:
256,192,22071,128,0,22152:0:0:0:0:
369,192,22098,128,0,22152:0:0:0:0:
142,192,22098,128,0,22152:0:0:0:0:
85,192,22125,128,0,22152:0:0:0:0:
426,192,22125,128,0,22152:0:0:0:0:
483,192,22179,128,0,22261:0:0:0:0:
256,192,22179,128,0,22261:0:0:0:0:
28,192,22179,128,0,22261:0:0:0:0:
426,192,22179,128,0,22234:0:0:0:0:
85,192,22179,128,0,22234:0:0:0:0:
369,192,22207,128,0,22261:0:0:0:0:
142,192,22207,128,0,22261:0:0:0:0:
199,192,22234,128,0,22261:0:0:0:0:
312,192,22234,128,0,22261:0:0:0:0:
199,192,22288,128,0,22342:0:0:0:0:
256,192,22288,128,0,22370:0:0:0:0:
312,192,22288,128,0,22342:0:0:0:0:
28,192,22288,128,0,22370:0:0:0:0:
483,192,22288,128,0,22370:0:0:0:0:
142,192,22315,128,0,22370:0:0:0:0:
369,192,22315,128,0,22370:0:0:0:0:
426,192,22342,128,0,22370:0:0:0:0:
85,192,22342,128,0,22370:0:0:0:0:
426,192,22397,128,0,22451:0:0:0:0:
85,192,22397,128,0,22451:0:0:0:0:
28,192,22397,128,0,22478:0:0:0:0:
483,192,22397,128,0,22478:0:0:0:0:
256,192,22397,128,0,22478:0:0:0:0:
142,192,22424,128,0,22478:0:0:0:0:
369,192,22424,128,0,22478:0:0:0:0:
312,192,22451,128,0,22478:0:0:0:0:
199,192,22451,128,0,22478:0:0:0:0:
28,192,22505,128,0,22587:0:0:0:0:
483,192,22505,128,0,22587:0:0:0:0:
312,192,22505,128,0,22560:0:0:0:0:
199,192,22505,128,0,22560:0:0:0:0:
256,192,22505,128,0,22587:0:0:0:0:
369,192,22533,128,0,22587:0:0:0:0:
142,192,22533,128,0,22587:0:0:0:0:
85,192,22560,128,0,22587:0:0:0:0:
426,192,22560,128,0,22587:0:0:0:0:
142,192,22614,128,0,22669:0:0:0:0:
369,192,22614,128,0,22669:0:0:0:0:
312,192,22614,128,0,22696:0:0:0:0:
85,192,22614,128,0,22696:0:0:0:0:
28,192,22614,128,0,22696:0:0:0:0:
199,192,22641,128,0,22696:0:0:0:0:
426,192,22641,128,0,22696:0:0:0:0:
256,192,22669,128,0,22696:0:0:0:0:
483,192,22669,128,0,22696:0:0:0:0:
369,192,22723,128,0,22777:0:0:0:0:
142,192,22723,128,0,22777:0:0:0:0:
426,192,22723,128,0,22804:0:0:0:0:
483,192,22723,128,0,22804:0:0:0:0:
199,192,22723,128,0,22804:0:0:0:0:
312,192,22750,128,0,22804:0:0:0:0:
85,192,22750,128,0,22804:0:0:0:0:
28,192,22777,128,0,22804:0:0:0:0:
256,192,22777,128,0,22804:0:0:0:0:
483,192,22832,128,0,22913:0:0:0:0:
426,192,22832,128,0,22913:0:0:0:0:
199,192,22832,128,0,22913:0:0:0:0:
85,192,22832,128,0,22886:0:0:0:0:
312,192,22832,128,0,22886:0:0:0:0:
256,192,22832,128,0,22859:0:0:0:0:
28,192,22832,128,0,22859:0:0:0:0:
142,192,22859,128,0,22913:0:0:0:0:
369,192,22859,128,0,22913:0:0:0:0:
312,192,22940,128,0,23022:0:0:0:0:
85,192,22940,128,0,23022:0:0:0:0:
28,192,22940,128,0,23022:0:0:0:0:
426,192,22940,128,0,22995:0:0:0:0:
199,192,22940,128,0,22995:0:0:0:0:
483,192,22940,128,0,22967:0:0:0:0:
256,192,22940,128,0,22967:0:0:0:0:
142,192,22967,128,0,23022:0:0:0:0:
369,192,22967,128,0,23022:0:0:0:0:
142,192,23049,128,0,23103:0:0:0:0:
369,192,23049,128,0,23103:0:0:0:0:
312,192,23049,128,0,23130:0:0:0:0:
85,192,23049,128,0,23130:0:0:0:0:
28,192,23049,128,0,23130:0:0:0:0:
199,192,23076,128,0,23130:0:0:0:0:
426,192,23076,128,0,23130:0:0:0:0:
256,192,23103,128,0,23130:0:0:0:0:
483,192,23103,128,0,23130:0:0:0:0:
369,192,23158,128,0,23212:0:0:0:0:
142,192,23158,128,0,23212:0:0:0:0:
426,192,23158,128,0,23239:0:0:0:0:
483,192,23158,128,0,23239:0:0:0:0:
199,192,23158,128,0,23239:0:0:0:0:
312,192,23185,128,0,23239:0:0:0:0:
85,192,23185,128,0,23239:0:0:0:0:
28,192,23212,128,0,23239:0:0:0:0:
256,192,23212,128,0,23239:0:0:0:0:
483,192,23266,128,0,23348:0:0:0:0:
426,192,23266,128,0,23348:0:0:0:0:
199,192,23266,128,0,23348:0:0:0:0:
85,192,23266,128,0,23321:0:0:0:0:
312,192,23266,128,0,23321:0:0:0:0:
256,192,23266,128,0,23294:0:0:0:0:
28,192,23266,128,0,23294:0:0:0:0:
142,192,23294,128,0,23348:0:0:0:0:
369,192,23294,128,0,23348:0:0:0:0:
312,192,23375,128,0,23457:0:0:0:0:
85,192,23375,128,0,23457:0:0:0:0:
28,192,23375,128,0,23457:0:0:0:0:
426,192,23375,128,0,23429:0:0:0:0:
199,192,23375,128,0,23429:0:0:0:0:
483,192,23375,128,0,23402:0:0:0:0:
256,192,23375,128,0,23402:0:0:0:0:
142,192,23402,128,0,23457:0:0:0:0:
369,192,23402,128,0,23457:0:0:0:0:
483,192,23484,128,0,24353:0:0:0:0:
85,192,23484,1,0,0:0:0:0:
28,192,23484,1,0,0:0:0:0:
28,192,23592,1,0,0:0:0:0:
85,192,23592,1,0,0:0:0:0:
85,192,23701,1,0,0:0:0:0:
28,192,23701,1,0,0:0:0:0:
28,192,23810,1,0,0:0:0:0:
85,192,23810,1,0,0:0:0:0:
85,192,23919,1,0,0:0:0:0:
28,192,23919,1,0,0:0:0:0:
312,192,23919,1,0,0:0:0:0:
369,192,23919,1,0,0:0:0:0:
28,192,24027,1,0,0:0:0:0:
85,192,24027,1,0,0:0:0:0:
85,192,24136,1,0,0:0:0:0:
28,192,24136,1,0,0:0:0:0:
28,192,24245,1,0,0:0:0:0:
85,192,24245,1,0,0:0:0:0:
369,192,24353,1,0,0:0:0:0:
426,192,24353,1,0,0:0:0:0:
85,192,24353,128,0,25223:0:0:0:0:
426,192,24462,1,0,0:0:0:0:
369,192,24462,1,0,0:0:0:0:
369,192,24571,1,0,0:0:0:0:
426,192,24571,1,0,0:0:0:0:
426,192,24679,1,0,0:0:0:0:
369,192,24679,1,0,0:0:0:0:
369,192,24788,1,0,0:0:0:0:
426,192,24788,1,0,0:0:0:0:
199,192,24788,1,0,0:0:0:0:
142,192,24788,1,0,0:0:0:0:
426,192,24897,1,0,0:0:0:0:
369,192,24897,1,0,0:0:0:0:
369,192,25005,1,0,0:0:0:0:
426,192,25005,1,0,0:0:0:0:
426,192,25114,1,0,0:0:0:0:
369,192,25114,1,0,0:0:0:0:
142,192,25223,1,0,0:0:0:0:
199,192,25223,1,0,0:0:0:0:
483,192,25223,128,0,26092:0:0:0:0:
199,192,25332,1,0,0:0:0:0:
142,192,25332,1,0,0:0:0:0:
142,192,25440,1,0,0:0:0:0:
199,192,25440,1,0,0:0:0:0:
199,192,25549,1,0,0:0:0:0:
142,192,25549,1,0,0:0:0:0:
142,192,25658,1,0,0:0:0:0:
199,192,25658,1,0,0:0:0:0:
426,192,25658,1,0,0:0:0:0:
369,192,25658,1,0,0:0:0:0:
199,192,25766,1,0,0:0:0:0:
142,192,25766,1,0,0:0:0:0:
142,192,25875,1,0,0:0:0:0:
199,192,25875,1,0,0:0:0:0:
199,192,25984,1,0,0:0:0:0:
142,192,25984,1,0,0:0:0:0:
312,192,26092,1,0,0:0:0:0:
369,192,26092,1,0,0:0:0:0:
28,192,26092,128,0,26962:0:0:0:0:
369,192,26201,1,0,0:0:0:0:
312,192,26201,1,0,0:0:0:0:
312,192,26310,1,0,0:0:0:0:
369,192,26310,1,0,0:0:0:0:
369,192,26419,1,0,0:0:0:0:
312,192,26419,1,0,0:0:0:0:
312,192,26527,1,0,0:0:0:0:
369,192,26527,1,0,0:0:0:0:
142,192,26527,1,0,0:0:0:0:
199,192,26527,1,0,0:0:0:0:
369,192,26636,1,0,0:0:0:0:
312,192,26636,1,0,0:0:0:0:
312,192,26745,1,0,0:0:0:0:
369,192,26745,1,0,0:0:0:0:
369,192,26853,1,0,0:0:0:0:
312,192,26853,1,0,0:0:0:0:
312,192,26962,128,0,27179:0:0:0:0:
142,192,26962,1,0,0:0:0:0:
85,192,26962,1,0,0:0:0:0:
85,192,27071,1,0,0:0:0:0:
142,192,27071,1,0,0:0:0:0:
369,192,27179,1,0,0:0:0:0:
426,192,27179,1,0,0:0:0:0:
199,192,27179,128,0,27505:0:0:0:0:
426,192,27288,1,0,0:0:0:0:
369,192,27288,1,0,0:0:0:0:
426,192,27397,1,0,0:0:0:0:
369,192,27397,1,0,0:0:0:0:
369,192,27505,1,0,0:0:0:0:
426,192,27505,1,0,0:0:0:0:
483,192,27614,128,0,27669:0:0:0:0:
426,192,27614,128,0,27669:0:0:0:0:
369,192,27614,128,0,27669:0:0:0:0:
312,192,27614,128,0,27669:0:0:0:0:
256,192,27614,128,0,27669:0:0:0:0:
199,192,27614,128,0,27669:0:0:0:0:
142,192,27614,128,0,27669:0:0:0:0:
85,192,27614,128,0,27669:0:0:0:0:
28,192,27614,128,0,27669:0:0:0:0:
483,192,27723,128,0,27777:0:0:0:0:
426,192,27723,128,0,27777:0:0:0:0:
369,192,27723,128,0,27777:0:0:0:0:
256,192,27723,128,0,27777:0:0:0:0:
199,192,27723,128,0,27777:0:0:0:0:
142,192,27723,128,0,27777:0:0:0:0:
28,192,27723,128,0,27777:0:0:0:0:
85,192,27723,128,0,27777:0:0:0:0:
312,192,27723,128,0,27777:0:0:0:0:
28,192,27832,128,0,27913:0:0:0:0:
142,192,27832,128,0,27859:0:0:0:0:
312,192,27832,128,0,27859:0:0:0:0:
85,192,27832,128,0,27859:0:0:0:0:
199,192,27832,128,0,27859:0:0:0:0:
426,192,27832,128,0,27859:0:0:0:0:
483,192,27832,128,0,27859:0:0:0:0:
256,192,27832,128,0,27913:0:0:0:0:
369,192,27832,128,0,27859:0:0:0:0:
28,192,27940,128,0,28022:0:0:0:0:
142,192,27940,128,0,27967:0:0:0:0:
312,192,27940,128,0,27967:0:0:0:0:
85,192,27940,128,0,27967:0:0:0:0:
199,192,27940,128,0,27967:0:0:0:0:
426,192,27940,128,0,27967:0:0:0:0:
483,192,27940,128,0,27967:0:0:0:0:
256,192,27940,128,0,28022:0:0:0:0:
369,192,27940,128,0,27967:0:0:0:0:
369,192,28049,128,0,28076:0:0:0:0:
256,192,28049,128,0,28130:0:0:0:0:
483,192,28049,128,0,28076:0:0:0:0:
426,192,28049,128,0,28076:0:0:0:0:
199,192,28049,128,0,28130:0:0:0:0:
85,192,28049,128,0,28130:0:0:0:0:
312,192,28049,128,0,28076:0:0:0:0:
142,192,28049,128,0,28130:0:0:0:0:
28,192,28049,128,0,28130:0:0:0:0:
312,192,28158,128,0,28185:0:0:0:0:
85,192,28158,128,0,28185:0:0:0:0:
28,192,28158,128,0,28239:0:0:0:0:
142,192,28158,128,0,28185:0:0:0:0:
199,192,28158,128,0,28185:0:0:0:0:
256,192,28158,128,0,28239:0:0:0:0:
369,192,28158,128,0,28185:0:0:0:0:
426,192,28158,128,0,28185:0:0:0:0:
483,192,28158,128,0,28185:0:0:0:0:
369,192,28266,128,0,28294:0:0:0:0:
256,192,28266,128,0,28294:0:0:0:0:
483,192,28266,128,0,28294:0:0:0:0:
426,192,28266,128,0,28294:0:0:0:0:
199,192,28266,128,0,28348:0:0:0:0:
85,192,28266,128,0,28348:0:0:0:0:
312,192,28266,128,0,28294:0:0:0:0:
142,192,28266,128,0,28348:0:0:0:0:
28,192,28266,128,0,28294:0:0:0:0:
369,192,28375,128,0,28402:0:0:0:0:
256,192,28375,128,0,28402:0:0:0:0:
483,192,28375,128,0,28402:0:0:0:0:
426,192,28375,128,0,28402:0:0:0:0:
199,192,28375,128,0,28402:0:0:0:0:
85,192,28375,128,0,28402:0:0:0:0:
312,192,28375,128,0,28402:0:0:0:0:
142,192,28375,128,0,28402:0:0:0:0:
28,192,28375,128,0,28402:0:0:0:0:
312,192,28484,128,0,28511:0:0:0:0:
85,192,28484,128,0,28511:0:0:0:0:
28,192,28484,128,0,28511:0:0:0:0:
142,192,28484,128,0,28511:0:0:0:0:
199,192,28484,128,0,28511:0:0:0:0:
256,192,28484,128,0,28565:0:0:0:0:
369,192,28484,128,0,28511:0:0:0:0:
426,192,28484,128,0,28511:0:0:0:0:
483,192,28484,128,0,28511:0:0:0:0:
369,192,28592,128,0,28620:0:0:0:0:
256,192,28592,128,0,28674:0:0:0:0:
483,192,28592,128,0,28620:0:0:0:0:
426,192,28592,128,0,28620:0:0:0:0:
199,192,28592,128,0,28620:0:0:0:0:
85,192,28592,128,0,28620:0:0:0:0:
312,192,28592,128,0,28620:0:0:0:0:
142,192,28592,128,0,28620:0:0:0:0:
28,192,28592,128,0,28620:0:0:0:0:
312,192,28701,128,0,28783:0:0:0:0:
85,192,28701,128,0,28728:0:0:0:0:
28,192,28701,128,0,28728:0:0:0:0:
142,192,28701,128,0,28728:0:0:0:0:
199,192,28701,128,0,28728:0:0:0:0:
256,192,28701,128,0,28783:0:0:0:0:
369,192,28701,128,0,28783:0:0:0:0:
426,192,28701,128,0,28783:0:0:0:0:
483,192,28701,128,0,28728:0:0:0:0:
369,192,28810,128,0,28837:0:0:0:0:
256,192,28810,128,0,28891:0:0:0:0:
483,192,28810,128,0,28891:0:0:0:0:
426,192,28810,128,0,28837:0:0:0:0:
199,192,28810,128,0,28837:0:0:0:0:
85,192,28810,128,0,28837:0:0:0:0:
312,192,28810,128,0,28837:0:0:0:0:
142,192,28810,128,0,28837:0:0:0:0:
28,192,28810,128,0,28837:0:0:0:0:
369,192,28919,128,0,29000:0:0:0:0:
256,192,28919,128,0,29000:0:0:0:0:
483,192,28919,128,0,28946:0:0:0:0:
426,192,28919,128,0,29000:0:0:0:0:
199,192,28919,128,0,28946:0:0:0:0:
85,192,28919,128,0,28946:0:0:0:0:
312,192,28919,128,0,29000:0:0:0:0:
142,192,28919,128,0,28946:0:0:0:0:
28,192,28919,128,0,28946:0:0:0:0:
312,192,29027,128,0,29054:0:0:0:0:
85,192,29027,128,0,29054:0:0:0:0:
28,192,29027,128,0,29054:0:0:0:0:
142,192,29027,128,0,29054:0:0:0:0:
199,192,29027,128,0,29054:0:0:0:0:
256,192,29027,128,0,29054:0:0:0:0:
369,192,29027,128,0,29054:0:0:0:0:
426,192,29027,128,0,29054:0:0:0:0:
483,192,29027,128,0,29054:0:0:0:0:
369,192,29136,128,0,29163:0:0:0:0:
256,192,29136,128,0,29217:0:0:0:0:
483,192,29136,128,0,29163:0:0:0:0:
426,192,29136,128,0,29163:0:0:0:0:
199,192,29136,128,0,29163:0:0:0:0:
85,192,29136,128,0,29163:0:0:0:0:
312,192,29136,128,0,29163:0:0:0:0:
142,192,29136,128,0,29163:0:0:0:0:
28,192,29136,128,0,29217:0:0:0:0:
369,192,29245,128,0,29272:0:0:0:0:
256,192,29245,128,0,29326:0:0:0:0:
483,192,29245,128,0,29272:0:0:0:0:
426,192,29245,128,0,29272:0:0:0:0:
199,192,29245,128,0,29272:0:0:0:0:
85,192,29245,128,0,29272:0:0:0:0:
312,192,29245,128,0,29272:0:0:0:0:
142,192,29245,128,0,29272:0:0:0:0:
28,192,29245,128,0,29326:0:0:0:0:
312,192,29353,128,0,29380:0:0:0:0:
85,192,29353,128,0,29435:0:0:0:0:
28,192,29353,128,0,29435:0:0:0:0:
142,192,29353,128,0,29435:0:0:0:0:
199,192,29353,128,0,29435:0:0:0:0:
256,192,29353,128,0,29380:0:0:0:0:
369,192,29353,128,0,29380:0:0:0:0:
426,192,29353,128,0,29380:0:0:0:0:
483,192,29353,128,0,29380:0:0:0:0:
369,192,29462,128,0,29489:0:0:0:0:
256,192,29462,128,0,29544:0:0:0:0:
483,192,29462,128,0,29489:0:0:0:0:
426,192,29462,128,0,29489:0:0:0:0:
199,192,29462,128,0,29489:0:0:0:0:
85,192,29462,128,0,29489:0:0:0:0:
312,192,29462,128,0,29489:0:0:0:0:
142,192,29462,128,0,29489:0:0:0:0:
28,192,29462,128,0,29544:0:0:0:0:
312,192,29571,128,0,29598:0:0:0:0:
85,192,29571,128,0,29652:0:0:0:0:
28,192,29571,128,0,29652:0:0:0:0:
142,192,29571,128,0,29652:0:0:0:0:
199,192,29571,128,0,29652:0:0:0:0:
256,192,29571,128,0,29598:0:0:0:0:
369,192,29571,128,0,29598:0:0:0:0:
426,192,29571,128,0,29598:0:0:0:0:
483,192,29571,128,0,29598:0:0:0:0:
312,192,29679,128,0,29707:0:0:0:0:
85,192,29679,128,0,29707:0:0:0:0:
28,192,29679,128,0,29707:0:0:0:0:
142,192,29679,128,0,29707:0:0:0:0:
199,192,29679,128,0,29707:0:0:0:0:
256,192,29679,128,0,29707:0:0:0:0:
369,192,29679,128,0,29707:0:0:0:0:
426,192,29679,128,0,29707:0:0:0:0:
483,192,29679,128,0,29707:0:0:0:0:
369,192,29788,128,0,29870:0:0:0:0:
256,192,29788,128,0,29870:0:0:0:0:
483,192,29788,128,0,29870:0:0:0:0:
426,192,29788,128,0,29870:0:0:0:0:
199,192,29788,128,0,29815:0:0:0:0:
85,192,29788,128,0,29815:0:0:0:0:
312,192,29788,128,0,29870:0:0:0:0:
142,192,29788,128,0,29815:0:0:0:0:
28,192,29788,128,0,29815:0:0:0:0:
312,192,29897,128,0,29924:0:0:0:0:
85,192,29897,128,0,29924:0:0:0:0:
28,192,29897,128,0,29924:0:0:0:0:
142,192,29897,128,0,29924:0:0:0:0:
199,192,29897,128,0,29924:0:0:0:0:
256,192,29897,128,0,29924:0:0:0:0:
369,192,29897,128,0,29978:0:0:0:0:
426,192,29897,128,0,29924:0:0:0:0:
483,192,29897,128,0,29924:0:0:0:0:
312,192,30005,128,0,30033:0:0:0:0:
85,192,30005,128,0,30033:0:0:0:0:
28,192,30005,128,0,30033:0:0:0:0:
142,192,30005,128,0,30033:0:0:0:0:
199,192,30005,128,0,30033:0:0:0:0:
256,192,30005,128,0,30033:0:0:0:0:
369,192,30005,128,0,30087:0:0:0:0:
426,192,30005,128,0,30033:0:0:0:0:
483,192,30005,128,0,30033:0:0:0:0:
369,192,30114,128,0,30196:0:0:0:0:
256,192,30114,128,0,30141:0:0:0:0:
483,192,30114,128,0,30141:0:0:0:0:
426,192,30114,128,0,30141:0:0:0:0:
199,192,30114,128,0,30141:0:0:0:0:
85,192,30114,128,0,30141:0:0:0:0:
312,192,30114,128,0,30141:0:0:0:0:
142,192,30114,128,0,30141:0:0:0:0:
28,192,30114,128,0,30141:0:0:0:0:
312,192,30223,128,0,30304:0:0:0:0:
85,192,30223,128,0,30250:0:0:0:0:
28,192,30223,128,0,30250:0:0:0:0:
142,192,30223,128,0,30250:0:0:0:0:
199,192,30223,128,0,30250:0:0:0:0:
256,192,30223,128,0,30304:0:0:0:0:
369,192,30223,128,0,30304:0:0:0:0:
426,192,30223,128,0,30304:0:0:0:0:
483,192,30223,128,0,30304:0:0:0:0:
369,192,30332,128,0,30359:0:0:0:0:
256,192,30332,128,0,30359:0:0:0:0:
483,192,30332,128,0,30359:0:0:0:0:
426,192,30332,128,0,30359:0:0:0:0:
199,192,30332,128,0,30359:0:0:0:0:
85,192,30332,128,0,30359:0:0:0:0:
312,192,30332,128,0,30359:0:0:0:0:
142,192,30332,128,0,30359:0:0:0:0:
28,192,30332,128,0,30359:0:0:0:0:
369,192,30440,128,0,30467:0:0:0:0:
256,192,30440,128,0,30522:0:0:0:0:
483,192,30440,128,0,30467:0:0:0:0:
426,192,30440,128,0,30467:0:0:0:0:
199,192,30440,128,0,30522:0:0:0:0:
85,192,30440,128,0,30522:0:0:0:0:
312,192,30440,128,0,30467:0:0:0:0:
142,192,30440,128,0,30522:0:0:0:0:
28,192,30440,128,0,30522:0:0:0:0:
312,192,30549,128,0,30576:0:0:0:0:
85,192,30549,128,0,30576:0:0:0:0:
28,192,30549,128,0,30630:0:0:0:0:
142,192,30549,128,0,30576:0:0:0:0:
199,192,30549,128,0,30576:0:0:0:0:
256,192,30549,128,0,30576:0:0:0:0:
369,192,30549,128,0,30576:0:0:0:0:
426,192,30549,128,0,30576:0:0:0:0:
483,192,30549,128,0,30576:0:0:0:0:
369,192,30658,128,0,30685:0:0:0:0:
256,192,30658,128,0,30685:0:0:0:0:
483,192,30658,128,0,30685:0:0:0:0:
426,192,30658,128,0,30685:0:0:0:0:
199,192,30658,128,0,30685:0:0:0:0:
85,192,30658,128,0,30685:0:0:0:0:
312,192,30658,128,0,30685:0:0:0:0:
142,192,30658,128,0,30685:0:0:0:0:
28,192,30658,128,0,30739:0:0:0:0:
312,192,30766,128,0,30794:0:0:0:0:
85,192,30766,128,0,30794:0:0:0:0:
28,192,30766,128,0,30848:0:0:0:0:
142,192,30766,128,0,30794:0:0:0:0:
199,192,30766,128,0,30794:0:0:0:0:
256,192,30766,128,0,30794:0:0:0:0:
369,192,30766,128,0,30794:0:0:0:0:
426,192,30766,128,0,30794:0:0:0:0:
483,192,30766,128,0,30794:0:0:0:0:
312,192,30875,128,0,30902:0:0:0:0:
85,192,30875,128,0,30902:0:0:0:0:
28,192,30875,128,0,30957:0:0:0:0:
142,192,30875,128,0,30902:0:0:0:0:
199,192,30875,128,0,30902:0:0:0:0:
256,192,30875,128,0,30902:0:0:0:0:
369,192,30875,128,0,30902:0:0:0:0:
426,192,30875,128,0,30902:0:0:0:0:
483,192,30875,128,0,30902:0:0:0:0:
369,192,30984,128,0,31011:0:0:0:0:
256,192,30984,128,0,31011:0:0:0:0:
483,192,30984,128,0,31011:0:0:0:0:
426,192,30984,128,0,31011:0:0:0:0:
199,192,30984,128,0,31011:0:0:0:0:
85,192,30984,128,0,31011:0:0:0:0:
312,192,30984,128,0,31011:0:0:0:0:
142,192,30984,128,0,31011:0:0:0:0:
28,192,30984,128,0,31011:0:0:0:0:
312,192,31092,128,0,31120:0:0:0:0:
85,192,31092,128,0,31120:0:0:0:0:
28,192,31092,128,0,31120:0:0:0:0:
142,192,31092,128,0,31120:0:0:0:0:
199,192,31092,128,0,31120:0:0:0:0:
256,192,31092,128,0,31120:0:0:0:0:
369,192,31092,128,0,31120:0:0:0:0:
426,192,31092,128,0,31120:0:0:0:0:
483,192,31092,128,0,31120:0:0:0:0:
369,192,31201,128,0,31228:0:0:0:0:
256,192,31201,128,0,31228:0:0:0:0:
483,192,31201,128,0,31228:0:0:0:0:
426,192,31201,128,0,31228:0:0:0:0:
199,192,31201,128,0,31228:0:0:0:0:
85,192,31201,128,0,31228:0:0:0:0:
312,192,31201,128,0,31228:0:0:0:0:
142,192,31201,128,0,31228:0:0:0:0:
28,192,31201,128,0,31228:0:0:0:0:
312,192,31310,128,0,31337:0:0:0:0:
85,192,31310,128,0,31337:0:0:0:0:
28,192,31310,128,0,31337:0:0:0:0:
142,192,31310,128,0,31337:0:0:0:0:
199,192,31310,128,0,31337:0:0:0:0:
256,192,31310,128,0,31391:0:0:0:0:
369,192,31310,128,0,31337:0:0:0:0:
426,192,31310,128,0,31337:0:0:0:0:
483,192,31310,128,0,31337:0:0:0:0:
312,192,31419,128,0,31446:0:0:0:0:
85,192,31419,128,0,31446:0:0:0:0:
28,192,31419,128,0,31446:0:0:0:0:
142,192,31419,128,0,31446:0:0:0:0:
199,192,31419,128,0,31446:0:0:0:0:
256,192,31419,128,0,31500:0:0:0:0:
369,192,31419,128,0,31446:0:0:0:0:
426,192,31419,128,0,31446:0:0:0:0:
483,192,31419,128,0,31446:0:0:0:0:
369,192,31527,128,0,31609:0:0:0:0:
256,192,31527,128,0,31609:0:0:0:0:
483,192,31527,128,0,31609:0:0:0:0:
426,192,31527,128,0,31609:0:0:0:0:
199,192,31527,128,0,31554:0:0:0:0:
85,192,31527,128,0,31554:0:0:0:0:
312,192,31527,128,0,31609:0:0:0:0:
142,192,31527,128,0,31554:0:0:0:0:
28,192,31527,128,0,31554:0:0:0:0:
312,192,31636,128,0,31663:0:0:0:0:
85,192,31636,128,0,31663:0:0:0:0:
28,192,31636,128,0,31663:0:0:0:0:
142,192,31636,128,0,31663:0:0:0:0:
199,192,31636,128,0,31663:0:0:0:0:
256,192,31636,128,0,31717:0:0:0:0:
369,192,31636,128,0,31663:0:0:0:0:
426,192,31636,128,0,31663:0:0:0:0:
483,192,31636,128,0,31663:0:0:0:0:
369,192,31745,128,0,31826:0:0:0:0:
256,192,31745,128,0,31826:0:0:0:0:
483,192,31745,128,0,31826:0:0:0:0:
426,192,31745,128,0,31826:0:0:0:0:
199,192,31745,128,0,31772:0:0:0:0:
85,192,31745,128,0,31772:0:0:0:0:
312,192,31745,128,0,31826:0:0:0:0:
142,192,31745,128,0,31772:0:0:0:0:
28,192,31745,128,0,31772:0:0:0:0:
312,192,31853,128,0,31880:0:0:0:0:
85,192,31853,128,0,31880:0:0:0:0:
28,192,31853,128,0,31880:0:0:0:0:
142,192,31853,128,0,31880:0:0:0:0:
199,192,31853,128,0,31880:0:0:0:0:
256,192,31853,128,0,31880:0:0:0:0:
369,192,31853,128,0,31880:0:0:0:0:
426,192,31853,128,0,31880:0:0:0:0:
483,192,31853,128,0,31880:0:0:0:0:
312,192,31962,128,0,31989:0:0:0:0:
85,192,31962,128,0,32044:0:0:0:0:
28,192,31962,128,0,31989:0:0:0:0:
142,192,31962,128,0,32044:0:0:0:0:
199,192,31962,128,0,32044:0:0:0:0:
256,192,31962,128,0,31989:0:0:0:0:
369,192,31962,128,0,31989:0:0:0:0:
426,192,31962,128,0,31989:0:0:0:0:
483,192,31962,128,0,31989:0:0:0:0:
369,192,32071,128,0,32098:0:0:0:0:
256,192,32071,128,0,32152:0:0:0:0:
483,192,32071,128,0,32098:0:0:0:0:
426,192,32071,128,0,32098:0:0:0:0:
199,192,32071,128,0,32098:0:0:0:0:
85,192,32071,128,0,32098:0:0:0:0:
312,192,32071,128,0,32098:0:0:0:0:
142,192,32071,128,0,32098:0:0:0:0:
28,192,32071,128,0,32152:0:0:0:0:
312,192,32179,128,0,32207:0:0:0:0:
85,192,32179,128,0,32207:0:0:0:0:
28,192,32179,128,0,32261:0:0:0:0:
142,192,32179,128,0,32207:0:0:0:0:
199,192,32179,128,0,32207:0:0:0:0:
256,192,32179,128,0,32261:0:0:0:0:
369,192,32179,128,0,32207:0:0:0:0:
426,192,32179,128,0,32207:0:0:0:0:
483,192,32179,128,0,32207:0:0:0:0:
369,192,32288,128,0,32315:0:0:0:0:
256,192,32288,128,0,32370:0:0:0:0:
483,192,32288,128,0,32315:0:0:0:0:
426,192,32288,128,0,32315:0:0:0:0:
199,192,32288,128,0,32315:0:0:0:0:
85,192,32288,128,0,32315:0:0:0:0:
312,192,32288,128,0,32315:0:0:0:0:
142,192,32288,128,0,32315:0:0:0:0:
28,192,32288,128,0,32370:0:0:0:0:
312,192,32397,128,0,32424:0:0:0:0:
85,192,32397,128,0,32478:0:0:0:0:
28,192,32397,128,0,32424:0:0:0:0:
142,192,32397,128,0,32478:0:0:0:0:
199,192,32397,128,0,32478:0:0:0:0:
256,192,32397,128,0,32424:0:0:0:0:
369,192,32397,128,0,32424:0:0:0:0:
426,192,32397,128,0,32424:0:0:0:0:
483,192,32397,128,0,32424:0:0:0:0:
312,192,32505,128,0,32533:0:0:0:0:
85,192,32505,128,0,32533:0:0:0:0:
28,192,32505,128,0,32533:0:0:0:0:
142,192,32505,128,0,32533:0:0:0:0:
199,192,32505,128,0,32533:0:0:0:0:
256,192,32505,128,0,32533:0:0:0:0:
369,192,32505,128,0,32533:0:0:0:0:
426,192,32505,128,0,32533:0:0:0:0:
483,192,32505,128,0,32533:0:0:0:0:
369,192,32614,128,0,32696:0:0:0:0:
483,192,32614,128,0,32641:0:0:0:0:
256,192,32614,128,0,32641:0:0:0:0:
426,192,32614,128,0,32696:0:0:0:0:
142,192,32614,128,0,32641:0:0:0:0:
85,192,32614,128,0,32641:0:0:0:0:
199,192,32614,128,0,32641:0:0:0:0:
28,192,32614,128,0,32641:0:0:0:0:
312,192,32614,128,0,32696:0:0:0:0:
256,192,32723,128,0,32804:0:0:0:0:
28,192,32723,128,0,32750:0:0:0:0:
199,192,32723,128,0,32750:0:0:0:0:
426,192,32723,128,0,32750:0:0:0:0:
142,192,32723,128,0,32750:0:0:0:0:
85,192,32723,128,0,32750:0:0:0:0:
369,192,32723,128,0,32750:0:0:0:0:
483,192,32723,128,0,32804:0:0:0:0:
312,192,32723,128,0,32750:0:0:0:0:
28,192,32832,128,0,32859:0:0:0:0:
312,192,32832,128,0,32859:0:0:0:0:
256,192,32832,128,0,32913:0:0:0:0:
85,192,32832,128,0,32859:0:0:0:0:
199,192,32832,128,0,32859:0:0:0:0:
483,192,32832,128,0,32913:0:0:0:0:
142,192,32832,128,0,32859:0:0:0:0:
426,192,32832,128,0,32859:0:0:0:0:
369,192,32832,128,0,32859:0:0:0:0:
199,192,32940,128,0,32967:0:0:0:0:
312,192,32940,128,0,32967:0:0:0:0:
142,192,32940,128,0,32967:0:0:0:0:
369,192,32940,128,0,32967:0:0:0:0:
85,192,32940,128,0,32967:0:0:0:0:
256,192,32940,128,0,33022:0:0:0:0:
426,192,32940,128,0,32967:0:0:0:0:
28,192,32940,128,0,32967:0:0:0:0:
483,192,32940,128,0,33022:0:0:0:0:
142,192,33049,128,0,33076:0:0:0:0:
85,192,33049,128,0,33076:0:0:0:0:
256,192,33049,128,0,33076:0:0:0:0:
483,192,33049,128,0,33076:0:0:0:0:
28,192,33049,128,0,33076:0:0:0:0:
312,192,33049,128,0,33130:0:0:0:0:
369,192,33049,128,0,33130:0:0:0:0:
199,192,33049,128,0,33076:0:0:0:0:
426,192,33049,128,0,33130:0:0:0:0:
312,192,33158,128,0,33185:0:0:0:0:
85,192,33158,128,0,33185:0:0:0:0:
28,192,33158,128,0,33185:0:0:0:0:
142,192,33158,128,0,33185:0:0:0:0:
199,192,33158,128,0,33185:0:0:0:0:
256,192,33158,128,0,33185:0:0:0:0:
369,192,33158,128,0,33185:0:0:0:0:
426,192,33158,128,0,33185:0:0:0:0:
483,192,33158,128,0,33185:0:0:0:0:
312,192,33266,128,0,33294:0:0:0:0:
85,192,33266,128,0,33348:0:0:0:0:
28,192,33266,128,0,33348:0:0:0:0:
142,192,33266,128,0,33348:0:0:0:0:
199,192,33266,128,0,33348:0:0:0:0:
256,192,33266,128,0,33348:0:0:0:0:
369,192,33266,128,0,33294:0:0:0:0:
426,192,33266,128,0,33294:0:0:0:0:
483,192,33266,128,0,33294:0:0:0:0:
369,192,33375,128,0,33402:0:0:0:0:
256,192,33375,128,0,33402:0:0:0:0:
483,192,33375,128,0,33402:0:0:0:0:
426,192,33375,128,0,33402:0:0:0:0:
199,192,33375,128,0,33402:0:0:0:0:
85,192,33375,128,0,33402:0:0:0:0:
312,192,33375,128,0,33402:0:0:0:0:
142,192,33375,128,0,33402:0:0:0:0:
28,192,33375,128,0,33457:0:0:0:0:
28,192,33484,128,0,33565:0:0:0:0:
312,192,33484,128,0,33511:0:0:0:0:
85,192,33484,128,0,33511:0:0:0:0:
142,192,33484,128,0,33511:0:0:0:0:
199,192,33484,128,0,33511:0:0:0:0:
256,192,33484,128,0,33511:0:0:0:0:
369,192,33484,128,0,33511:0:0:0:0:
426,192,33484,128,0,33511:0:0:0:0:
483,192,33484,128,0,33511:0:0:0:0:
369,192,33592,128,0,33620:0:0:0:0:
256,192,33592,128,0,33620:0:0:0:0:
483,192,33592,128,0,33620:0:0:0:0:
426,192,33592,128,0,33620:0:0:0:0:
199,192,33592,128,0,33620:0:0:0:0:
85,192,33592,128,0,33620:0:0:0:0:
312,192,33592,128,0,33620:0:0:0:0:
142,192,33592,128,0,33620:0:0:0:0:
28,192,33592,128,0,33674:0:0:0:0:
312,192,33701,128,0,33728:0:0:0:0:
85,192,33701,128,0,33728:0:0:0:0:
28,192,33701,128,0,33783:0:0:0:0:
142,192,33701,128,0,33728:0:0:0:0:
199,192,33701,128,0,33728:0:0:0:0:
256,192,33701,128,0,33728:0:0:0:0:
369,192,33701,128,0,33728:0:0:0:0:
426,192,33701,128,0,33728:0:0:0:0:
483,192,33701,128,0,33728:0:0:0:0:
369,192,33810,128,0,33837:0:0:0:0:
256,192,33810,128,0,33837:0:0:0:0:
483,192,33810,128,0,33837:0:0:0:0:
426,192,33810,128,0,33837:0:0:0:0:
199,192,33810,128,0,33837:0:0:0:0:
85,192,33810,128,0,33837:0:0:0:0:
312,192,33810,128,0,33837:0:0:0:0:
142,192,33810,128,0,33837:0:0:0:0:
28,192,33810,128,0,33837:0:0:0:0:
312,192,33919,128,0,34000:0:0:0:0:
85,192,33919,128,0,33946:0:0:0:0:
28,192,33919,128,0,33946:0:0:0:0:
142,192,33919,128,0,33946:0:0:0:0:
199,192,33919,128,0,33946:0:0:0:0:
256,192,33919,128,0,34000:0:0:0:0:
369,192,33919,128,0,34000:0:0:0:0:
426,192,33919,128,0,34000:0:0:0:0:
483,192,33919,128,0,33946:0:0:0:0:
369,192,34027,128,0,34054:0:0:0:0:
256,192,34027,128,0,34054:0:0:0:0:
483,192,34027,128,0,34109:0:0:0:0:
426,192,34027,128,0,34054:0:0:0:0:
199,192,34027,128,0,34054:0:0:0:0:
85,192,34027,128,0,34054:0:0:0:0:
312,192,34027,128,0,34054:0:0:0:0:
142,192,34027,128,0,34054:0:0:0:0:
28,192,34027,128,0,34054:0:0:0:0:
312,192,34136,128,0,34217:0:0:0:0:
85,192,34136,128,0,34163:0:0:0:0:
28,192,34136,128,0,34163:0:0:0:0:
142,192,34136,128,0,34163:0:0:0:0:
199,192,34136,128,0,34163:0:0:0:0:
256,192,34136,128,0,34163:0:0:0:0:
369,192,34136,128,0,34217:0:0:0:0:
426,192,34136,128,0,34217:0:0:0:0:
483,192,34136,128,0,34163:0:0:0:0:
312,192,34245,128,0,34272:0:0:0:0:
85,192,34245,128,0,34272:0:0:0:0:
28,192,34245,128,0,34272:0:0:0:0:
142,192,34245,128,0,34272:0:0:0:0:
199,192,34245,128,0,34272:0:0:0:0:
256,192,34245,128,0,34326:0:0:0:0:
369,192,34245,128,0,34272:0:0:0:0:
426,192,34245,128,0,34272:0:0:0:0:
483,192,34245,128,0,34272:0:0:0:0:
369,192,34353,128,0,34435:0:0:0:0:
256,192,34353,128,0,34380:0:0:0:0:
483,192,34353,128,0,34435:0:0:0:0:
426,192,34353,128,0,34435:0:0:0:0:
199,192,34353,128,0,34380:0:0:0:0:
85,192,34353,128,0,34380:0:0:0:0:
312,192,34353,128,0,34435:0:0:0:0:
142,192,34353,128,0,34380:0:0:0:0:
28,192,34353,128,0,34380:0:0:0:0:
312,192,34462,128,0,34489:0:0:0:0:
85,192,34462,128,0,34489:0:0:0:0:
28,192,34462,128,0,34489:0:0:0:0:
142,192,34462,128,0,34489:0:0:0:0:
199,192,34462,128,0,34489:0:0:0:0:
256,192,34462,128,0,34489:0:0:0:0:
369,192,34462,128,0,34489:0:0:0:0:
426,192,34462,128,0,34489:0:0:0:0:
483,192,34462,128,0,34489:0:0:0:0:
369,192,34571,128,0,34625:0:0:0:0:
256,192,34571,128,0,34598:0:0:0:0:
483,192,34571,128,0,34652:0:0:0:0:
426,192,34571,128,0,34643:0:0:0:0:
199,192,34571,128,0,34607:0:0:0:0:
85,192,34571,128,0,34643:0:0:0:0:
312,192,34571,128,0,34607:0:0:0:0:
142,192,34571,128,0,34625:0:0:0:0:
28,192,34571,128,0,34652:0:0:0:0:
369,192,34679,128,0,34734:0:0:0:0:
256,192,34679,128,0,34761:0:0:0:0:
483,192,34679,128,0,34707:0:0:0:0:
426,192,34679,128,0,34716:0:0:0:0:
199,192,34679,128,0,34752:0:0:0:0:
85,192,34679,128,0,34716:0:0:0:0:
312,192,34679,128,0,34752:0:0:0:0:
142,192,34679,128,0,34734:0:0:0:0:
28,192,34679,128,0,34707:0:0:0:0:
28,192,34788,1,0,0:0:0:0:
85,192,34788,1,0,0:0:0:0:
199,192,34788,1,0,0:0:0:0:
256,192,34788,1,0,0:0:0:0:
369,192,34788,1,0,0:0:0:0:
426,192,34788,1,0,0:0:0:0:
483,192,34788,1,0,0:0:0:0:
312,192,34788,1,0,0:0:0:0:
142,192,34788,1,0,0:0:0:0:
